%% timing of the onsets
time = [0 2400 5700 8700 11400 15000 18000 20700 23700 26700 29700 33000 35400 39000 41700 44700 48000 50700 53700 56400  ... 
59700 62400 66000 69000 71400 75000 78000 80400 83400 87000 89700 93000 96000 99000 102000 105000 108000 110400 113700 116700  ... 
119400 122700 125400 129000 131400 135000 137700 140400 143400 146700 149400 153000 156000 159000 162000 164400 167700 170400 173700 176700  ... 
179700 182700 186000 188400 191700 195000 198000 201000 203700 207000 210000 212700 215700 218700 221400 224700 227700 230700 234000 236700  ... 
240000 243000 246000 248400 251700 254700 257400 260400 264000 266700 269700 272700 275400 278400 281700 284400 288000 291000 293400 296700 ];

%% onset number (useful ?)
onset = [0 1 2 3 4 6 7 8 9 11 12 13 14 16 17 18 20 21 22 23  ... 
24 26 27 28 29 31 32 33 34 36 37 38 40 41 42 43 45 46 47 48  ... 
49 51 52 53 54 56 57 58 59 61 62 63 65 66 67 68 69 71 72 73  ... 
74 76 77 78 79 81 82 83 84 86 87 88 89 91 92 93 94 96 97 98  ... 
100 101 102 103 104 106 107 108 110 111 112 113 114 116 117 118 120 121 122 123 ];

%% onset type
type = [8 8 11 1 3 10 5 10 4 6 10 2 7 9 9 7 7 11 11 9  ... 
1 4 11 5 6 9 11 11 7 3 10 11 2 11 11 11 7 11 11 6  ... 
10 2 8 11 9 7 7 2 3 10 1 8 2 9 3 8 9 4 7 1  ... 
11 11 11 1 7 9 8 8 2 2 2 6 6 1 8 1 5 3 8 10  ... 
11 11 9 1 7 4 4 8 2 1 1 11 5 2 11 10 9 5 10 10 ];


